01010000000000000000000010111100
00000100000000000000000000000000
00000111110111100000000000000001
00000111110000000000000000000001
00010100000000000000000000100000
00001100000000000000000000000001
00001000000111010000011111111111
00001111101111010000000000000001
01000000000000010000000000000000
01000000000000010000000000000000
00010111110000000000000000100000
00000100000000000000000000000001
01001000000000010000000000000000
00010111110000010000000000100000
00000100001000010000000000000001
01000000001000000000000000000000
01000000001000000000000000000000
01000100000000100000000000000001
01100000010000000000000000110111
01001111111000000000000000000000
00000100000000000000000000000001
00001111110111100000000000000001
00000111110000010000000000000001
00010100001000010000000000100000
00001100001000010000000000000001
00000100000000000000000000000000
00000100000000000000000000000000
01000000001111010000000000000000
01000000001111010000000000000000
00000100000000000000000000000000
00000100000000000000000000000000
00000111110000010000000000000001
00010100001000010000000000100000
00001100001000010000000000000001
00001000001111010000111111111111
00001111101111010000000000000001
00000100000000000000000000000000
00000100000000000000000000000000
01000000001111110000000000000000
01000000001111110000000000000000
00000100000000000000000000000000
00000100000000000000000000000000
01000100000000010000000000000001
00000111110000100000000000000001
00010100010000100000000000100000
00001100010000100000000000000001
00000111101111010000000000000001
00001000010111010001011111111111
00000100000000000000000000000000
00000100000000000000000000000000
01001000010000010000000000000000
00000100000000000000000000000000
00000100000000000000000000000000
01010100000000000000011111111111
01010000000000000000000010111011
00000100000000000000000000000000
00010111110000010000000000100000
00000100001000010000000000000001
01000000001000000000000000000000
01000000001000000000000000000000
00010111110000100000000000100000
00000100010000100000000000000001
01000000010000010000000000000000
01000000010000010000000000000000
00001100001000100000000000000001
00000111110000010000000000000010
00010100001000010000000000100000
00001100001000010000000000000001
00001100001000010000000000000001
01001000001000100000000000000000
00000111110000110000000000000001
00010100011000110000000000100000
00001100011000110000000000000001
00000111101111010000000000000001
00001000011111010001111111111111
00000100000000000000000000000000
00000100000000000000000000000000
01001000011000000000000000000000
00000100000000000000000000000000
00000100000000000000000000000000
00000111110000110000000000000001
00010100011000110000000000100000
00001100011000110000000000000001
00000111101111010000000000000001
00001000011111010001111111111111
00000100000000000000000000000000
00000100000000000000000000000000
01001000011000010000000000000000
00000100000000000000000000000000
00000100000000000000000000000000
00000111110000110000000000000001
00010100011000110000000000100000
00001100011000110000000000000001
00000111101111010000000000000001
00001000011111010001111111111111
00000100000000000000000000000000
00000100000000000000000000000000
01001000011000100000000000000000
00000100000000000000000000000000
00000100000000000000000000000000
00000111110000110000000000000001
00010100011000110000000000100000
00001100011000110000000000000001
00000111101111010000000000000001
00001000011111010001111111111111
00000100000000000000000000000000
00000100000000000000000000000000
01001000011111110000000000000000
00000100000000000000000000000000
00000100000000000000000000000000
00000111110000110000000000000001
00010100011000110000000000100000
00001100011000110000000000000001
01000100000001000000000000000100
01001000011001000000000000000000
01000100000111010000000000000001
01011000000000000000000000000001
00000100000000000000000000000000
00000111110000110000000000000001
00010100011000110000000000100000
00001100011000110000000000000001
00001000011111010001111111111111
00001111101111010000000000000001
00000100000000000000000000000000
00000100000000000000000000000000
01000000011000010000000000000000
01000000011000010000000000000000
00000100000000000000000000000000
00000100000000000000000000000000
00000111110000110000000000000001
00010100011000110000000000100000
00001100011000110000000000000001
00001000011111010001111111111111
00001111101111010000000000000001
00000100000000000000000000000000
00000100000000000000000000000000
01000000011000100000000000000000
01000000011000100000000000000000
00000100000000000000000000000000
00000100000000000000000000000000
00001111101111010000000000000001
00000111110000110000000000000001
00010100011000110000000000100000
00001100011000110000000000000001
00001000011111010001111111111111
00001111101111010000000000000001
00000100000000000000000000000000
00000100000000000000000000000000
01000000011000000000000000000000
01000000011000000000000000000000
00000100000000000000000000000000
00000100000000000000000000000000
00010000000000010001111111111111
01001111111000000000000000000000
00000100000000000000000000000001
00001111110111100000000000000001
00000111110000010000000000000001
00010100001000010000000000100000
00001100001000010000000000000001
00000100000000000000000000000000
00000100000000000000000000000000
01000000001111010000000000000000
01000000001111010000000000000000
00000100000000000000000000000000
00000100000000000000000000000000
00000111110000010000000000000001
00010100001000010000000000100000
00001100001000010000000000000001
00001000001111010000111111111111
00001111101111010000000000000001
00000100000000000000000000000000
00000100000000000000000000000000
01000000001111110000000000000000
01000000001111110000000000000000
00000100000000000000000000000000
00000100000000000000000000000000
00000111110000010000000000000001
00010100001000010000000000100000
00001100001000010000000000000001
00000111101111010000000000000001
00001000001111010000111111111111
00000100000000000000000000000000
00000100000000000000000000000000
01001000001000110000000000000000
00000100000000000000000000000000
00000100000000000000000000000000
01010100000000000000011111111111
00000100000000000000000000000000
00000100000000000000000000000000
01000100000111100000000000000000
00000111110111100000000000000001
01000100000111010000000000000000
01000100000111110000000000000000
00010111110000010000000000100000
00000100001000010000000000000001
01101100001000000000000000000000
00010111110000010000000000100000
00000100001000010000000000000001
01000000001000000000000000000000
01000000001000000000000000000000
00000111110000010000000000000010
00010100001000010000000000100000
00001100001000010000000000000001
00001100001000010000000000000001
01001000001000000000000000000000
00000111110000110000000000000001
00010100011000110000000000100000
00001100011000110000000000000001
00000111101111010000000000000001
00001000011111010001111111111111
00000100000000000000000000000000
00000100000000000000000000000000
01001000011000000000000000000000
00000100000000000000000000000000
00000100000000000000000000000000
00000111110000110000000000000001
00010100011000110000000000100000
00001100011000110000000000000001
00000111101111010000000000000001
00001000011111010001111111111111
00000100000000000000000000000000
00000100000000000000000000000000
01001000011000010000000000000000
00000100000000000000000000000000
00000100000000000000000000000000
00000111110000110000000000000001
00010100011000110000000000100000
00001100011000110000000000000001
00000111101111010000000000000001
00001000011111010001111111111111
00000100000000000000000000000000
00000100000000000000000000000000
01001000011000100000000000000000
00000100000000000000000000000000
00000100000000000000000000000000
00000111110000110000000000000001
00010100011000110000000000100000
00001100011000110000000000000001
00000111101111010000000000000001
00001000011111010001111111111111
00000100000000000000000000000000
00000100000000000000000000000000
01001000011111110000000000000000
00000100000000000000000000000000
00000100000000000000000000000000
00000111110000110000000000000001
00010100011000110000000000100000
00001100011000110000000000000001
01000100000001000000000000000100
01001000011001000000000000000000
01000100000111010000000000000001
01011000000000000000000000000001
00000100000000000000000000000000
00000111110000110000000000000001
00010100011000110000000000100000
00001100011000110000000000000001
00001000011111010001111111111111
00001111101111010000000000000001
00000100000000000000000000000000
00000100000000000000000000000000
01000000011000010000000000000000
01000000011000010000000000000000
00000100000000000000000000000000
00000100000000000000000000000000
00000111110000110000000000000001
00010100011000110000000000100000
00001100011000110000000000000001
00001000011111010001111111111111
00001111101111010000000000000001
00000100000000000000000000000000
00000100000000000000000000000000
01000000011000100000000000000000
01000000011000100000000000000000
00000100000000000000000000000000
00000100000000000000000000000000
00001111101111010000000000000001
00000111110000110000000000000001
00010100011000110000000000100000
00001100011000110000000000000001
00001000011111010001111111111111
00001111101111010000000000000001
00000100000000000000000000000000
00000100000000000000000000000000
01000000011000000000000000000000
01000000011000000000000000000000
00000100000000000000000000000000
00000100000000000000000000000000
01110000000000010000000000000000
01100100000000000000000000000000
01100100000000000000000000000000
01100100000000000000000000000000
01101000000000000000000000000000